A
1000
503 491 574 
691 303 384 
523 539 828 
139 404 895 
189 543 510 
628 643 521 
779 300 612 
885 415 387 
202 532 562 
545 346 908 
808 389 344 
812 548 207 
247 26 996 
480 14 948 
69 9 518 
743 302 332 
241 975 147 
90 61 267 
208 2 133 
684 109 579 
512 826 681 
398 194 283 
943 227 705 
713 494 55 
523 519 700 
47 483 56 
906 499 506 
11 754 602 
981 477 783 
9 955 836 
611 335 801 
659 963 731 
347 42 311 
397 36 599 
464 53 238 
247 405 859 
870 307 19 
196 487 647 
925 745 929 
638 915 473 
990 465 626 
198 881 734 
960 405 163 
733 586 479 
875 990 996 
653 201 966 
828 80 560 
433 899 918 
710 489 177 
257 457 612 
916 121 327 
332 181 210 
346 55 751 
776 430 623 
252 310 240 
100 294 615 
942 741 191 
643 797 534 
566 915 890 
348 695 464 
113 571 917 
678 635 448 
646 78 976 
291 667 280 
409 715 314 
23 432 94 
323 191 118 
488 291 562 
169 960 592 
95 688 403 
594 852 157 
480 362 874 
326 754 402 
367 103 276 
265 314 199 
70 321 526 
445 902 270 
857 960 850 
221 231 432 
354 510 511 
500 570 576 
311 601 245 
800 771 811 
381 373 593 
451 775 971 
240 38 476 
83 663 381 
201 971 362 
270 808 407 
686 255 439 
619 838 914 
815 435 358 
321 495 90 
637 263 342 
444 744 753 
152 728 672 
639 984 21 
365 667 811 
183 261 853 
197 742 901 
520 573 628 
264 349 971 
57 85 506 
946 445 466 
966 353 281 
159 203 611 
218 14 321 
814 82 382 
990 200 406 
974 998 793 
183 796 498 
754 876 836 
600 878 451 
193 576 3 
919 236 485 
500 590 827 
416 476 369 
213 418 850 
893 390 835 
326 525 976 
855 126 612 
6 993 610 
427 228 243 
730 219 906 
695 520 416 
823 621 168 
35 11 730 
740 538 492 
353 819 797 
682 433 281 
16 630 842 
98 752 253 
316 624 684 
370 87 821 
554 185 793 
50 146 641 
783 301 923 
833 811 713 
344 355 142 
623 559 733 
435 283 878 
300 944 682 
722 27 273 
870 325 162 
867 956 611 
890 290 365 
522 332 447 
344 507 73 
569 393 633 
356 374 938 
13 884 759 
23 659 966 
374 232 189 
503 76 424 
971 574 563 
747 883 344 
869 580 658 
677 824 827 
983 408 750 
821 663 652 
554 807 403 
508 248 735 
922 854 419 
113 298 952 
564 188 374 
446 752 424 
332 592 105 
686 452 802 
770 664 397 
337 663 596 
569 89 996 
405 343 163 
385 435 628 
143 874 190 
690 186 255 
293 285 713 
158 986 477 
87 345 922 
633 105 8 
499 932 623 
19 150 447 
413 95 699 
875 920 218 
52 953 620 
955 370 168 
401 363 971 
49 103 826 
982 354 846 
648 757 326 
312 345 304 
494 274 788 
83 358 653 
256 749 206 
139 380 665 
563 677 705 
562 154 522 
901 736 576 
425 767 55 
457 503 731 
342 483 236 
721 669 310 
368 494 639 
26 827 238 
903 565 594 
771 303 280 
790 135 36 
596 526 563 
885 694 284 
714 707 349 
341 389 970 
388 978 819 
548 600 948 
108 543 375 
996 842 789 
891 25 525 
90 122 762 
897 531 275 
315 215 89 
79 300 757 
708 506 565 
586 380 685 
238 250 115 
977 346 682 
327 121 132 
889 99 916 
450 580 389 
886 654 20 
34 923 236 
645 238 135 
213 801 496 
393 49 684 
260 421 964 
743 262 394 
980 967 272 
685 677 139 
876 677 616 
398 210 959 
999 909 218 
896 50 139 
199 561 153 
751 121 68 
982 551 540 
189 661 342 
194 788 796 
177 234 647 
113 575 763 
853 389 302 
705 485 707 
27 66 828 
500 281 846 
533 522 43 
937 274 623 
41 379 906 
403 804 597 
515 846 509 
658 371 113 
991 650 148 
600 908 672 
601 821 288 
292 174 982 
669 7 822 
79 39 791 
871 244 220 
323 252 352 
930 424 351 
772 540 441 
24 727 490 
317 847 771 
29 98 98 
184 876 88 
379 866 477 
593 513 958 
19 508 562 
210 529 272 
390 466 830 
939 39 688 
664 716 356 
582 388 282 
725 714 241 
786 985 58 
372 351 140 
905 67 912 
719 882 79 
564 72 984 
362 92 866 
976 160 877 
840 669 491 
736 891 325 
702 416 596 
562 437 664 
110 124 808 
683 152 219 
189 119 569 
567 716 887 
808 818 694 
462 910 537 
547 401 418 
462 809 189 
530 467 133 
930 472 529 
498 945 599 
526 659 522 
840 765 46 
285 909 919 
328 242 449 
160 583 885 
347 157 415 
817 5 608 
820 301 373 
534 865 883 
143 312 876 
221 460 981 
646 595 356 
801 842 343 
580 22 104 
778 691 729 
911 799 583 
808 805 589 
703 439 588 
506 940 665 
372 202 681 
876 118 543 
724 37 828 
930 136 715 
627 928 936 
79 434 769 
2 601 370 
585 342 126 
241 649 570 
85 892 440 
539 401 953 
386 10 744 
139 218 309 
616 910 726 
764 744 167 
600 259 666 
19 132 768 
997 252 222 
978 259 199 
320 867 175 
217 21 288 
430 898 136 
589 615 49 
668 509 151 
167 624 655 
861 321 46 
125 375 492 
817 806 143 
285 609 11 
934 224 141 
159 44 318 
771 111 201 
100 670 593 
2 614 13 
449 107 466 
212 557 13 
361 441 706 
845 216 566 
369 313 85 
438 73 567 
638 725 304 
92 114 696 
596 414 819 
478 371 903 
475 914 842 
102 43 910 
203 660 427 
381 887 223 
947 149 299 
718 848 192 
136 418 331 
163 56 170 
867 451 211 
415 473 485 
470 391 654 
670 722 619 
20 771 910 
60 730 651 
707 428 82 
97 931 620 
542 862 50 
377 453 110 
644 386 428 
38 143 312 
851 133 470 
648 267 41 
925 926 302 
883 849 204 
563 637 790 
891 734 679 
637 420 845 
831 303 89 
384 6 899 
416 759 398 
354 254 664 
935 449 69 
402 3 156 
128 883 781 
77 587 820 
847 499 139 
291 45 845 
49 333 449 
941 390 426 
801 890 850 
817 233 307 
825 221 837 
537 107 370 
168 657 424 
69 223 197 
538 683 359 
996 639 895 
468 348 618 
141 159 24 
725 356 930 
900 805 953 
739 565 570 
286 884 14 
378 441 283 
781 521 720 
411 132 78 
803 901 331 
845 90 436 
626 684 933 
908 532 365 
931 958 768 
257 329 180 
570 405 660 
250 496 499 
204 107 723 
741 467 277 
859 37 218 
509 830 140 
749 817 446 
78 289 385 
24 633 348 
687 44 459 
113 180 924 
459 863 1 
419 208 837 
303 124 151 
581 406 716 
352 274 346 
5 607 967 
684 992 464 
453 773 509 
259 744 13 
562 952 143 
921 494 388 
158 74 625 
273 162 762 
626 739 256 
866 500 663 
698 399 390 
294 767 980 
94 127 534 
712 601 707 
191 551 793 
602 326 671 
987 691 20 
137 724 904 
284 71 761 
119 774 525 
0 845 750 
761 203 212 
672 575 616 
115 533 966 
962 274 745 
139 980 88 
704 536 663 
749 275 681 
13 502 173 
276 416 580 
883 505 624 
127 385 829 
756 396 456 
991 455 205 
23 47 667 
463 91 16 
636 372 85 
756 740 389 
957 371 305 
754 207 776 
431 516 929 
2 732 488 
730 284 494 
364 58 387 
916 627 385 
346 974 559 
583 53 689 
482 801 631 
496 132 222 
488 918 637 
362 217 436 
799 979 244 
497 740 218 
228 390 884 
928 386 507 
67 976 825 
642 724 138 
717 290 908 
472 549 246 
148 515 420 
868 422 319 
273 364 838 
153 333 287 
859 131 0 
622 189 351 
466 939 560 
745 926 317 
373 775 280 
454 956 240 
773 928 300 
304 142 512 
333 807 311 
929 387 3 
422 638 296 
139 264 9 
650 113 537 
899 856 593 
262 109 646 
862 523 614 
755 460 52 
555 917 954 
892 77 792 
654 307 775 
889 606 298 
750 155 629 
433 880 655 
792 974 323 
842 672 815 
152 369 809 
2 488 204 
165 204 511 
588 981 27 
469 181 402 
46 688 223 
285 700 766 
46 120 370 
402 32 12 
985 627 755 
104 133 457 
112 10 774 
732 658 621 
764 961 495 
407 753 856 
55 983 514 
234 910 142 
227 312 600 
874 211 890 
145 611 749 
791 933 521 
249 648 751 
528 140 411 
650 758 553 
524 351 813 
130 573 708 
381 230 385 
447 354 214 
364 209 973 
619 879 93 
398 733 233 
242 223 827 
195 475 976 
237 757 673 
223 68 183 
141 276 209 
62 893 212 
533 696 226 
349 294 439 
975 534 703 
641 126 252 
987 311 892 
735 36 908 
426 439 166 
840 619 606 
42 664 504 
375 332 965 
579 221 141 
810 434 890 
790 518 956 
432 903 431 
236 869 556 
882 92 627 
616 447 843 
940 457 762 
618 969 598 
813 164 845 
550 800 835 
941 344 164 
804 489 261 
634 651 843 
319 89 293 
197 802 256 
382 823 539 
170 732 437 
277 251 211 
374 546 710 
967 479 392 
839 395 118 
234 617 275 
398 622 519 
671 285 813 
420 589 746 
384 511 741 
896 803 164 
568 585 717 
241 947 463 
322 708 177 
796 457 40 
976 825 733 
557 168 780 
333 253 733 
182 406 678 
699 11 237 
168 673 983 
689 4 287 
390 839 329 
362 943 217 
661 120 916 
892 177 5 
520 112 666 
970 192 584 
686 671 355 
587 938 745 
951 512 300 
884 803 760 
833 687 748 
52 916 79 
82 662 52 
272 319 96 
514 970 24 
607 561 612 
271 846 350 
63 729 252 
846 872 157 
124 749 700 
290 962 711 
144 951 111 
608 81 313 
296 295 468 
859 305 683 
333 964 370 
30 163 522 
203 514 936 
627 277 41 
305 293 736 
603 105 532 
785 377 744 
917 26 14 
431 501 594 
419 987 959 
574 618 264 
531 170 242 
138 168 138 
259 304 337 
957 190 527 
508 214 666 
352 717 208 
592 84 95 
31 284 814 
878 296 767 
723 975 207 
159 834 992 
135 304 721 
253 49 854 
479 549 414 
131 287 431 
506 726 785 
18 58 248 
560 524 527 
741 988 325 
384 458 811 
894 572 725 
300 197 32 
169 52 471 
598 250 505 
245 77 797 
767 835 561 
356 647 854 
868 339 11 
634 645 932 
472 895 847 
759 854 209 
860 134 250 
388 459 618 
116 111 911 
651 477 752 
792 213 730 
280 309 388 
633 16 771 
101 210 975 
988 571 320 
796 966 197 
403 702 274 
780 456 642 
718 193 475 
360 413 820 
109 439 126 
285 59 278 
807 566 804 
963 855 328 
843 756 493 
30 79 293 
758 426 416 
526 973 672 
796 29 266 
424 242 145 
347 173 611 
227 912 565 
54 646 944 
60 598 884 
404 495 623 
737 932 776 
544 217 337 
477 826 345 
968 725 994 
297 367 677 
439 875 336 
392 34 436 
12 672 481 
767 463 556 
832 604 877 
726 42 703 
234 954 252 
959 305 527 
698 782 8 
33 488 991 
706 134 347 
956 147 992 
551 97 897 
406 192 429 
115 843 546 
136 331 337 
742 901 342 
125 850 361 
324 693 125 
635 564 804 
113 948 937 
460 772 36 
436 50 858 
243 353 464 
591 410 679 
169 950 263 
679 341 37 
871 665 989 
157 680 752 
16 116 412 
325 42 450 
258 935 971 
583 982 351 
419 423 425 
961 95 757 
262 712 90 
347 906 719 
91 650 290 
307 181 635 
892 873 434 
355 42 425 
291 497 676 
207 280 200 
596 260 64 
584 448 264 
329 421 833 
697 135 389 
45 632 311 
505 994 634 
696 220 560 
944 197 85 
171 959 342 
23 249 973 
81 522 501 
922 486 574 
498 911 258 
259 376 630 
261 305 105 
301 941 835 
287 448 803 
577 615 765 
266 982 852 
938 446 700 
482 144 540 
273 411 757 
527 153 350 
235 852 717 
229 28 467 
838 266 728 
733 141 270 
826 673 993 
123 657 470 
293 836 19 
593 129 52 
737 861 609 
553 682 809 
0 793 6 
926 656 296 
357 63 175 
926 462 781 
394 514 605 
517 508 496 
477 94 202 
345 604 142 
99 23 227 
430 949 859 
490 527 671 
937 20 783 
172 249 866 
114 78 683 
7 903 98 
295 789 866 
692 569 727 
836 25 933 
508 919 509 
963 786 854 
137 493 851 
127 412 414 
52 468 111 
70 530 63 
535 259 30 
565 303 936 
549 63 837 
994 948 759 
928 347 202 
8 371 462 
596 581 170 
32 602 471 
864 874 152 
632 446 982 
860 104 464 
117 481 323 
201 328 905 
8 464 995 
279 962 740 
685 810 486 
155 110 216 
733 747 87 
709 846 668 
268 359 840 
180 886 914 
864 711 99 
192 410 60 
121 312 548 
713 837 774 
340 745 473 
769 645 222 
338 576 930 
100 844 673 
156 306 22 
269 516 319 
513 827 440 
626 816 866 
188 625 643 
950 870 599 
167 815 371 
657 170 639 
788 150 747 
630 61 300 
579 361 434 
555 323 428 
412 433 909 
78 770 278 
56 453 595 
428 501 303 
50 65 94 
775 936 924 
946 857 249 
132 134 483 
461 390 553 
235 352 887 
447 322 695 
441 80 72 
670 282 215 
766 787 292 
995 446 589 
273 108 667 
684 179 84 
632 257 193 
157 247 198 
84 228 724 
715 878 407 
244 22 389 
521 214 995 
760 116 69 
819 330 21 
66 213 891 
306 790 474 
510 19 562 
759 229 692 
69 183 294 
505 360 396 
122 679 377 
854 969 499 
945 741 944 
170 929 370 
59 271 82 
612 944 126 
624 667 975 
129 734 385 
953 132 174 
675 985 99 
879 44 92 
547 553 876 
922 946 917 
485 819 874 
214 212 300 
912 553 536 
391 121 367 
39 15 673 
836 139 91 
232 654 646 
766 777 240 
595 22 257 
160 469 931 
71 985 845 
68 304 260 
45 443 464 
19 885 355 
827 893 275 
841 107 589 
563 705 924 
269 541 999 
171 392 297 
334 651 47 
744 186 463 
217 698 1 
161 442 557 
656 737 314 
341 471 814 
775 991 170 
93 704 865 
753 506 538 
554 567 852 
64 278 656 
676 723 175 
960 137 218 
123 169 668 
503 8 415 
75 490 976 
309 59 857 
503 779 907 
915 978 948 
832 822 268 
104 454 22 
818 26 888 
883 258 907 
731 964 391 
784 554 38 
678 427 587 
418 333 297 
29 308 129 
652 911 737 
186 841 891 
732 634 881 
383 334 149 
616 292 120 
36 601 223 
367 582 268 
400 171 685 
299 960 248 
501 286 338 
72 792 106 
625 246 682 
559 473 560 
52 568 480 
275 686 165 
590 806 14 
849 924 89 
142 322 128 
895 243 689 
967 791 86 
282 760 918 
222 681 545 
532 116 639 
448 629 337 
571 891 567 
837 990 27 
233 930 271 
173 408 59 
615 384 532 
577 178 661 
648 888 395 
662 13 12 
514 896 809 
927 92 622 
700 596 771 
965 938 966 
876 299 91 
955 537 721 
517 685 531 
527 907 540 
211 404 448 
522 735 388 
770 461 334 
442 952 597 
190 885 612 
933 707 405 
78 814 305 
197 552 679 
986 789 683 
97 556 159 
458 440 136 
